band
          ___task1___ | ___task2___ | ___task3___ | ___task4___ | ___task5___ | ___task6___ | ___task7___ | ___task8___ |
task1        1.000000 |    0.725438 |    0.669288 |    0.877796 |   -0.285245 |   -0.218492 |   -0.214557 |   -0.255320 |
task2        0.725438 |    1.000000 |    0.397855 |    0.603158 |   -0.203875 |   -0.190438 |   -0.089495 |   -0.210805 |
task3        0.669288 |    0.397855 |    1.000000 |    0.791635 |   -0.235659 |   -0.085138 |   -0.205379 |   -0.145981 |
task4        0.877796 |    0.603158 |    0.791635 |    1.000000 |   -0.263154 |   -0.172106 |   -0.208427 |   -0.217071 |
task5       -0.285245 |   -0.203875 |   -0.235659 |   -0.263154 |    1.000000 |    0.686745 |    0.723981 |    0.788343 |
task6       -0.218492 |   -0.190438 |   -0.085138 |   -0.172106 |    0.686745 |    1.000000 |    0.415788 |    0.897686 |
task7       -0.214557 |   -0.089495 |   -0.205379 |   -0.208427 |    0.723981 |    0.415788 |    1.000000 |    0.514532 |
task8       -0.255320 |   -0.210805 |   -0.145981 |   -0.217071 |    0.788343 |    0.897686 |    0.514532 |    1.000000 |

CirInSq
          ___task1___ | ___task2___ | ___task3___ | ___task4___ | ___task5___ | ___task6___ | ___task7___ | ___task8___ |
task1        1.000000 |    0.265233 |   -0.043616 |   -0.029208 |   -0.011690 |   -0.000883 |    0.377581 |    0.474530 |
task2        0.265233 |    1.000000 |    0.033212 |    0.042000 |    0.025357 |    0.035595 |    0.100147 |    0.125861 |
task3       -0.043616 |    0.033212 |    1.000000 |   -0.239737 |   -0.239509 |   -0.239509 |   -0.089890 |   -0.097990 |
task4       -0.029208 |    0.042000 |   -0.239737 |    1.000000 |   -0.244787 |   -0.244787 |   -0.091871 |   -0.097268 |
task5       -0.011690 |    0.025357 |   -0.239509 |   -0.244787 |    1.000000 |   -0.244555 |   -0.091783 |   -0.091459 |
task6       -0.000883 |    0.035595 |   -0.239509 |   -0.244787 |   -0.244555 |    1.000000 |   -0.091783 |   -0.101698 |
task7        0.377581 |    0.100147 |   -0.089890 |   -0.091871 |   -0.091783 |   -0.091783 |    1.000000 |    0.795696 |
task8        0.474530 |    0.125861 |   -0.097990 |   -0.097268 |   -0.091459 |   -0.101698 |    0.795696 |    1.000000 |

linear
          ___task1___ | ___task2___ | ___task3___ | ___task4___ | ___task5___ | ___task6___ |
task1        1.000000 |    0.497410 |    0.510604 |   -1.000000 |   -0.022796 |    0.022796 |
task2        0.497410 |    1.000000 |    0.007986 |   -0.497410 |    0.479779 |   -0.479779 |
task3        0.510604 |    0.007986 |    1.000000 |   -0.510604 |   -0.512248 |    0.512248 |
task4       -1.000000 |   -0.497410 |   -0.510604 |    1.000000 |    0.022796 |   -0.022796 |
task5       -0.022796 |    0.479779 |   -0.512248 |    0.022796 |    1.000000 |   -1.000000 |
task6        0.022796 |   -0.479779 |    0.512248 |   -0.022796 |   -1.000000 |    1.000000 |

derm
          ___task1___ | ___task2___ | ___task3___ | ___task4___ | ___task5___ | ___task6___ |
task1        1.000000 |   -0.296966 |   -0.328613 |   -0.261072 |   -0.270227 |   -0.159650 |
task2       -0.296966 |    1.000000 |   -0.221313 |   -0.175826 |   -0.181992 |   -0.107521 |
task3       -0.328613 |   -0.221313 |    1.000000 |   -0.194563 |   -0.201386 |   -0.118979 |
task4       -0.261072 |   -0.175826 |   -0.194563 |    1.000000 |   -0.159995 |   -0.094525 |
task5       -0.270227 |   -0.181992 |   -0.201386 |   -0.159995 |    1.000000 |   -0.097839 |
task6       -0.159650 |   -0.107521 |   -0.118979 |   -0.094525 |   -0.097839 |    1.000000 |

glass
          ___task1___ | ___task2___ | ___task3___ | ___task4___ | ___task5___ | ___task6___ |
task1        1.000000 |   -0.517410 |   -0.204814 |   -0.177313 |   -0.146087 |   -0.276046 |
task2       -0.517410 |    1.000000 |   -0.218001 |   -0.188730 |   -0.155493 |   -0.293819 |
task3       -0.204814 |   -0.218001 |    1.000000 |   -0.074708 |   -0.061551 |   -0.116307 |
task4       -0.177313 |   -0.188730 |   -0.074708 |    1.000000 |   -0.053287 |   -0.100690 |
task5       -0.146087 |   -0.155493 |   -0.061551 |   -0.053287 |    1.000000 |   -0.082958 |
task6       -0.276046 |   -0.293819 |   -0.116307 |   -0.100690 |   -0.082958 |    1.000000 |

heart
          ___task1___ | ___task2___ | ___task3___ | ___task4___ | ___task5___ |
task1        1.000000 |   -0.458722 |   -0.361525 |   -0.361525 |   -0.191316 |
task2       -0.458722 |    1.000000 |   -0.229927 |   -0.229927 |   -0.121675 |
task3       -0.361525 |   -0.229927 |    1.000000 |   -0.181208 |   -0.095894 |
task4       -0.361525 |   -0.229927 |   -0.181208 |    1.000000 |   -0.095894 |
task5       -0.191316 |   -0.121675 |   -0.095894 |   -0.095894 |    1.000000 |

smallcovtype
          ___task1___ | ___task2___ | ___task3___ | ___task4___ | ___task5___ | ___task6___ | ___task7___ |
task1        1.000000 |   -0.742085 |   -0.195922 |   -0.053245 |   -0.093323 |   -0.138721 |   -0.143178 |
task2       -0.742085 |    1.000000 |   -0.247345 |   -0.067221 |   -0.117817 |   -0.175130 |   -0.180757 |
task3       -0.195922 |   -0.247345 |    1.000000 |   -0.017747 |   -0.031105 |   -0.046237 |   -0.047723 |
task4       -0.053245 |   -0.067221 |   -0.017747 |    1.000000 |   -0.008453 |   -0.012566 |   -0.012970 |
task5       -0.093323 |   -0.117817 |   -0.031105 |   -0.008453 |    1.000000 |   -0.022024 |   -0.022732 |
task6       -0.138721 |   -0.175130 |   -0.046237 |   -0.012566 |   -0.022024 |    1.000000 |   -0.033790 |
task7       -0.143178 |   -0.180757 |   -0.047723 |   -0.012970 |   -0.022732 |   -0.033790 |    1.000000 |

